epoch,loss,ppl,accuracy
0, 9.15639, 9474.81707,0.150
1, 9.14562, 9373.32686,9.095
2, 9.13204, 9246.82902,12.014
3, 9.12207, 9155.16729,12.015
4, 9.11504, 9090.98262,12.015
5, 9.10939, 9039.75963,12.015
6, 9.10374, 8988.82505,12.015
7, 9.09585, 8918.18644,12.261
8, 9.08675, 8837.45900,16.366
9, 9.07862, 8765.83484,17.821
10, 9.07081, 8697.70586,17.889
11, 9.06280, 8628.28874,17.897
12, 9.05422, 8554.59934,17.942
13, 9.04498, 8475.86384,17.865
14, 9.03496, 8391.38829,17.895
15, 9.02418, 8301.37477,17.823
16, 9.01259, 8205.71971,17.750
17, 9.00017, 8104.42557,17.756
18, 8.98695, 7998.03907,17.625
19, 8.97289, 7886.35272,17.514
20, 8.95797, 7769.57646,17.409
21, 8.94228, 7648.58009,17.285
22, 8.92575, 7523.25689,17.063
23, 8.90841, 7393.90516,16.868
24, 8.89030, 7261.17665,16.575
25, 8.87129, 7124.49853,16.365
26, 8.85153, 6985.07043,16.041
27, 8.83095, 6842.80669,15.692
28, 8.80957, 6698.00701,15.401
29, 8.78739, 6551.08820,15.057
30, 8.76436, 6401.98326,14.880
31, 8.74057, 6251.47759,14.703
32, 8.71589, 6099.05395,14.679
33, 8.69041, 5945.61594,14.676
34, 8.66411, 5791.30547,14.696
35, 8.63707, 5636.76804,14.703
36, 8.60928, 5482.31237,14.641
37, 8.58065, 5327.58203,14.631
38, 8.55127, 5173.34411,14.632
39, 8.52114, 5019.79136,14.623
40, 8.49024, 4867.02702,14.539
41, 8.45855, 4715.23296,14.489
42, 8.42616, 4564.95899,14.471
43, 8.39306, 4416.29530,14.280
44, 8.35919, 4269.25297,14.155
45, 8.32457, 4123.97868,14.022
46, 8.28933, 3981.15938,13.662
47, 8.25335, 3840.45802,13.349
48, 8.21667, 3702.16855,13.067
49, 8.17932, 3566.42503,12.740
50, 8.14129, 3433.35663,12.541
51, 8.10271, 3303.41778,12.321
52, 8.06339, 3176.03183,12.209
53, 8.02356, 3052.01066,12.125
54, 7.98309, 2930.98452,12.063
55, 7.94207, 2813.19173,12.042
56, 7.90050, 2698.64217,12.028
57, 7.85843, 2587.45413,12.021
58, 7.81584, 2479.56495,12.019
59, 7.77275, 2374.99426,12.017
60, 7.72925, 2273.88603,12.015
61, 7.68536, 2176.25846,12.015
62, 7.64111, 2082.06205,12.016
63, 7.59650, 1991.22089,12.015
64, 7.55158, 1903.75151,12.015
65, 7.50642, 1819.68215,12.015
66, 7.46095, 1738.80599,12.015
67, 7.41535, 1661.29183,12.015
68, 7.36959, 1586.98182,12.015
69, 7.32365, 1515.72411,12.015
70, 7.27764, 1447.56544,12.015
71, 7.23163, 1382.46848,12.015
72, 7.18561, 1320.29670,12.015
73, 7.13964, 1260.97287,12.015
74, 7.09377, 1204.44188,12.015
75, 7.04803, 1150.58926,12.015
76, 7.00246, 1099.33838,12.015
77, 6.95712, 1050.60016,12.015
78, 6.91214, 1004.39660,12.016
79, 6.86747, 960.51374,12.015
80, 6.82320, 918.91664,12.015
81, 6.77940, 879.54027,12.016
82, 6.73609, 842.26143,12.018
83, 6.69345, 807.10295,12.028
84, 6.65140, 773.86338,12.048
85, 6.61003, 742.50497,12.161
86, 6.56938, 712.93016,12.402
87, 6.52956, 685.09695,13.141
88, 6.49049, 658.84823,14.247
89, 6.45234, 634.18447,15.738
90, 6.41513, 611.02044,17.020
91, 6.37895, 589.31137,17.801
92, 6.34378, 568.94092,18.111
93, 6.30973, 549.89540,18.392
94, 6.27681, 532.09059,18.501
95, 6.24509, 515.47606,18.558
96, 6.21471, 500.05212,18.601
97, 6.18571, 485.75801,18.618
98, 6.15815, 472.55418,18.657
99, 6.13181, 460.26857,18.682
100, 6.10642, 448.73139,18.683
101, 6.08176, 437.79908,18.702
102, 6.05790, 427.47824,18.720
103, 6.03450, 417.59193,18.735
104, 6.01179, 408.21352,18.738
105, 5.98982, 399.34280,18.741
106, 5.96853, 390.92909,18.745
107, 5.94761, 382.83562,18.747
108, 5.92711, 375.07079,18.751
109, 5.90678, 367.52003,18.752
110, 5.88630, 360.06926,18.776
111, 5.86534, 352.60128,18.863
112, 5.84369, 345.04889,19.063
113, 5.82202, 337.65228,19.366
114, 5.79951, 330.13789,19.831
115, 5.77704, 322.80083,20.302
116, 5.75400, 315.44953,20.940
117, 5.73046, 308.11118,21.762
118, 5.70680, 300.90787,22.673
119, 5.68215, 293.57944,23.529
120, 5.65718, 286.33864,24.186
121, 5.63193, 279.19978,24.527
122, 5.60600, 272.05393,24.614
123, 5.57975, 265.00412,24.677
124, 5.55298, 258.00454,24.762
125, 5.52643, 251.24438,24.837
126, 5.49957, 244.58573,25.029
127, 5.47194, 237.92110,25.484
128, 5.44456, 231.49621,26.292
129, 5.41678, 225.15393,27.037
130, 5.38905, 218.99589,27.765
131, 5.36145, 213.03389,28.255
132, 5.33378, 207.22029,28.571
133, 5.30663, 201.67043,28.775
134, 5.27833, 196.04205,28.962
135, 5.25134, 190.82147,29.030
136, 5.22371, 185.62148,29.128
137, 5.19790, 180.89194,29.186
138, 5.17132, 176.14708,29.272
139, 5.14488, 171.55154,29.358
140, 5.11986, 167.31265,29.476
141, 5.09485, 163.17909,29.611
142, 5.07005, 159.18301,29.808
143, 5.04694, 155.54550,30.002
144, 5.02346, 151.93568,30.230
145, 5.00025, 148.45042,30.561
146, 4.97700, 145.03927,30.887
147, 4.95447, 141.80782,31.098
148, 4.93280, 138.76698,31.280
149, 4.91120, 135.80227,31.395
150, 4.89033, 132.99744,31.532
151, 4.87008, 130.33180,31.730
152, 4.84921, 127.63932,31.962
153, 4.82994, 125.20374,32.316
154, 4.80954, 122.67464,32.732
155, 4.79020, 120.32537,33.212
156, 4.77109, 118.04806,33.865
157, 4.75197, 115.81182,34.418
158, 4.73442, 113.79700,34.825
159, 4.71598, 111.71831,35.144
160, 4.69814, 109.74270,35.473
161, 4.67999, 107.76902,35.748
162, 4.66207, 105.85463,36.066
163, 4.64641, 104.21031,36.325
164, 4.62908, 102.41952,36.550
165, 4.61183, 100.66828,36.791
166, 4.59573, 99.06082,36.988
167, 4.57874, 97.39192,37.216
168, 4.56197, 95.77177,37.449
169, 4.54566, 94.22282,37.692
170, 4.53001, 92.75977,37.891
171, 4.51422, 91.30628,38.131
172, 4.49910, 89.93623,38.329
173, 4.48280, 88.48182,38.613
174, 4.46737, 87.12693,38.822
175, 4.45249, 85.84003,38.984
176, 4.43787, 84.59436,39.231
177, 4.42205, 83.26664,39.447
178, 4.40851, 82.14738,39.583
179, 4.39283, 80.86933,39.835
180, 4.38002, 79.83953,39.984
181, 4.36578, 78.71039,40.154
182, 4.35165, 77.60636,40.442
183, 4.33819, 76.56858,40.694
184, 4.32310, 75.42233,40.930
185, 4.30915, 74.37691,41.158
186, 4.29461, 73.30341,41.378
187, 4.28148, 72.34757,41.636
188, 4.26692, 71.30191,41.830
189, 4.25182, 70.23326,42.150
190, 4.23805, 69.27232,42.319
191, 4.22253, 68.20590,42.647
192, 4.20948, 67.32124,42.884
193, 4.19493, 66.34905,43.148
194, 4.18117, 65.44226,43.370
195, 4.16963, 64.69166,43.545
196, 4.15393, 63.68347,43.855
197, 4.14008, 62.80778,44.094
198, 4.12771, 62.03601,44.267
199, 4.11398, 61.18974,44.505
200, 4.09970, 60.32225,44.711
201, 4.08569, 59.48311,44.957
202, 4.07391, 58.78630,45.147
203, 4.06210, 58.09601,45.330
204, 4.04683, 57.21585,45.629
205, 4.03463, 56.52195,45.797
206, 4.02192, 55.80835,46.041
207, 4.00777, 55.02403,46.310
208, 3.99563, 54.35985,46.403
209, 3.98236, 53.64347,46.727
210, 3.96986, 52.97736,46.967
211, 3.95651, 52.27443,47.174
212, 3.94418, 51.63392,47.346
213, 3.93087, 50.95138,47.594
214, 3.91853, 50.32642,47.813
215, 3.90496, 49.64823,48.019
216, 3.89343, 49.07914,48.201
217, 3.88047, 48.44676,48.420
218, 3.86872, 47.88129,48.618
219, 3.85379, 47.17149,48.795
220, 3.84241, 46.63777,48.966
221, 3.83050, 46.08567,49.151
222, 3.81683, 45.45967,49.391
223, 3.80561, 44.95258,49.532
224, 3.79238, 44.36172,49.794
225, 3.78011, 43.82076,49.982
226, 3.76649, 43.22788,50.227
227, 3.75444, 42.71020,50.451
228, 3.74150, 42.16109,50.664
229, 3.72831, 41.60864,50.866
230, 3.71615, 41.10566,51.098
231, 3.70492, 40.64682,51.245
232, 3.69015, 40.05095,51.496
233, 3.67676, 39.51805,51.811
234, 3.66433, 39.02994,51.974
235, 3.65195, 38.54994,52.173
236, 3.63973, 38.08163,52.408
237, 3.62561, 37.54747,52.617
238, 3.61286, 37.07203,52.840
239, 3.59985, 36.59268,53.056
240, 3.58768, 36.15015,53.253
241, 3.57456, 35.67881,53.452
242, 3.55970, 35.15272,53.755
243, 3.54862, 34.76543,53.906
244, 3.53542, 34.30947,54.129
245, 3.52189, 33.84833,54.395
246, 3.51046, 33.46379,54.609
247, 3.49707, 33.01854,54.833
248, 3.48349, 32.57325,55.032
249, 3.46935, 32.11599,55.297
250, 3.45778, 31.74630,55.486
251, 3.44258, 31.26763,55.832
252, 3.43238, 30.95011,55.993
253, 3.41813, 30.51233,56.228
254, 3.40606, 30.14638,56.522
255, 3.39293, 29.75307,56.701
256, 3.37870, 29.33254,56.992
257, 3.36668, 28.98211,57.244
258, 3.35359, 28.60530,57.510
259, 3.34058, 28.23563,57.773
260, 3.32732, 27.86364,57.964
261, 3.31340, 27.47829,58.289
262, 3.30129, 27.14751,58.512
263, 3.28709, 26.76485,58.765
264, 3.27614, 26.47343,58.985
265, 3.26274, 26.12097,59.254
266, 3.24782, 25.73411,59.552
267, 3.23765, 25.47377,59.737
268, 3.22397, 25.12761,60.043
269, 3.20887, 24.75100,60.312
270, 3.19696, 24.45803,60.532
271, 3.18517, 24.17143,60.759
272, 3.16989, 23.80480,61.114
273, 3.15956, 23.56030,61.252
274, 3.14584, 23.23913,61.526
275, 3.13177, 22.91441,61.805
276, 3.11866, 22.61601,62.010
277, 3.10546, 22.31954,62.192
278, 3.09410, 22.06742,62.473
279, 3.07887, 21.73384,62.691
280, 3.06765, 21.49136,62.916
281, 3.05656, 21.25428,63.165
282, 3.04308, 20.96982,63.395
283, 3.02951, 20.68709,63.670
284, 3.01696, 20.42910,63.938
285, 3.00465, 20.17922,64.087
286, 2.99168, 19.91916,64.375
287, 2.97937, 19.67538,64.566
288, 2.96552, 19.40477,64.835
289, 2.95539, 19.20922,64.987
290, 2.94253, 18.96370,65.279
291, 2.92900, 18.70888,65.509
292, 2.91653, 18.47698,65.773
293, 2.90523, 18.26943,65.981
294, 2.89473, 18.07863,66.161
295, 2.88055, 17.82406,66.420
296, 2.87116, 17.65754,66.568
297, 2.85776, 17.42239,66.799
298, 2.84765, 17.24727,66.995
299, 2.83313, 16.99852,67.290
300, 2.82136, 16.79968,67.461
301, 2.81232, 16.64852,67.724
302, 2.79728, 16.39995,67.990
303, 2.78802, 16.24875,68.159
304, 2.77324, 16.01046,68.462
305, 2.76465, 15.87351,68.563
306, 2.75102, 15.65862,68.886
307, 2.73993, 15.48591,69.048
308, 2.72988, 15.33111,69.270
309, 2.71667, 15.12985,69.533
310, 2.70537, 14.95987,69.733
311, 2.69642, 14.82660,69.884
312, 2.68507, 14.65929,70.067
313, 2.67324, 14.48678,70.303
314, 2.66074, 14.30687,70.586
315, 2.65144, 14.17445,70.738
316, 2.64123, 14.03043,70.944
317, 2.62869, 13.85564,71.180
318, 2.61859, 13.71640,71.424
319, 2.60689, 13.55677,71.572
320, 2.59795, 13.43615,71.853
321, 2.58489, 13.26186,72.050
322, 2.57671, 13.15375,72.183
323, 2.56516, 13.00268,72.439
324, 2.55438, 12.86327,72.623
325, 2.54500, 12.74326,72.777
326, 2.53240, 12.58368,73.085
327, 2.52190, 12.45230,73.255
328, 2.51273, 12.33861,73.439
329, 2.50167, 12.20280,73.695
330, 2.49142, 12.07844,73.899
331, 2.48187, 11.96366,74.039
332, 2.47078, 11.83163,74.328
333, 2.46244, 11.73343,74.463
334, 2.45151, 11.60586,74.680
335, 2.44006, 11.47376,74.931
336, 2.43367, 11.40063,75.103
337, 2.42282, 11.27757,75.247
338, 2.41140, 11.14951,75.516
339, 2.40352, 11.06201,75.641
340, 2.39286, 10.94475,75.881
341, 2.38306, 10.83802,76.048
342, 2.37449, 10.74555,76.216
343, 2.36522, 10.64641,76.387
344, 2.35292, 10.51621,76.746
345, 2.34629, 10.44671,76.786
346, 2.33802, 10.36074,76.973
347, 2.32491, 10.22575,77.261
348, 2.31716, 10.14686,77.399
349, 2.31088, 10.08331,77.523
350, 2.29895, 9.96367,77.769
351, 2.28848, 9.85993,77.956
352, 2.28114, 9.78782,78.213
353, 2.27176, 9.69650,78.339
354, 2.26404, 9.62193,78.539
355, 2.25283, 9.51460,78.745
356, 2.24334, 9.42473,78.932
357, 2.23599, 9.35576,79.099
358, 2.22576, 9.26055,79.357
359, 2.21895, 9.19763,79.466
360, 2.20862, 9.10315,79.643
361, 2.20044, 9.02898,79.810
362, 2.19389, 8.97002,79.982
363, 2.18506, 8.89116,80.144
364, 2.17515, 8.80354,80.413
365, 2.16779, 8.73899,80.550
366, 2.15999, 8.67102,80.699
367, 2.15147, 8.59753,80.919
368, 2.14204, 8.51683,81.039
369, 2.13499, 8.45697,81.182
370, 2.12718, 8.39116,81.428
371, 2.11919, 8.32442,81.593
372, 2.11085, 8.25525,81.724
373, 2.10281, 8.18914,81.903
374, 2.09629, 8.13593,82.015
375, 2.08866, 8.07406,82.165
376, 2.07949, 8.00036,82.436
377, 2.07198, 7.94056,82.576
378, 2.06346, 7.87315,82.763
379, 2.05758, 7.82701,82.825
380, 2.05050, 7.77179,83.035
381, 2.03982, 7.68925,83.267
382, 2.03561, 7.65691,83.275
383, 2.02685, 7.59014,83.516
384, 2.01880, 7.52927,83.619
385, 2.01164, 7.47555,83.847
386, 2.00470, 7.42384,83.999
387, 1.99912, 7.38252,84.124
388, 1.98965, 7.31297,84.316
389, 1.98319, 7.26588,84.467
390, 1.97535, 7.20913,84.621
391, 1.96805, 7.15673,84.773
392, 1.96327, 7.12256,84.858
393, 1.95517, 7.06509,85.012
394, 1.94946, 7.02490,85.192
395, 1.94043, 6.96176,85.399
396, 1.93606, 6.93142,85.437
397, 1.92723, 6.87042,85.693
398, 1.92135, 6.83019,85.807
399, 1.91451, 6.78358,85.934
